500
220 180
219.404 182.253
218.523 184.454
217.365 186.582
215.94 188.618
214.261 190.543
212.345 192.34
210.208 193.992
207.869 195.485
205.35 196.804
202.675 197.938
199.867 198.876
196.951 199.61
193.955 200.134
190.906 200.441
187.832 200.531
184.76 200.401
181.719 200.052
178.736 199.489
175.839 198.717
173.053 197.741
170.405 196.572
167.918 195.219
165.616 193.696
163.518 192.015
161.645 190.193
160.013 188.246
158.637 186.192
157.529 184.049
156.701 181.837
156.159 179.576
155.908 177.286
155.95 174.99
156.286 172.707
156.912 170.458
157.822 168.264
159.008 166.144
160.46 164.119
162.163 162.206
164.104 160.424
166.263 158.787
168.621 157.312
171.157 156.011
173.847 154.897
176.668 153.979
179.593 153.267
182.595 152.766
185.648 152.48
188.724 152.414
191.794 152.566
194.83 152.937
197.805 153.522
200.692 154.316
203.465 155.312
206.097 156.501
208.566 157.872
210.848 159.412
212.924 161.108
214.773 162.943
216.379 164.902
217.728 166.967
218.807 169.118
219.606 171.336
220.119 173.601
220.339 175.892
220.266 178.188
219.901 180.469
219.245 182.713
218.306 184.9
217.092 187.011
215.613 189.025
213.885 190.925
211.921 192.694
209.74 194.314
207.363 195.772
204.81 197.054
202.105 198.148
199.272 199.045
196.338 199.736
193.329 200.215
190.272 200.478
187.196 200.522
184.128 200.346
181.097 199.954
178.13 199.347
175.253 198.531
172.494 197.515
169.877 196.307
167.427 194.918
165.165 193.361
163.112 191.65
161.287 189.801
159.707 187.83
158.385 185.756
157.335 183.597
156.565 181.373
156.083 179.104
155.892 176.812
155.995 174.516
156.391 172.239
157.077 169.999
158.045 167.819
159.287 165.718
160.791 163.714
162.545 161.827
164.532 160.073
166.734 158.469
169.131 157.029
171.701 155.765
174.42 154.691
177.264 153.815
180.207 153.146
183.223 152.689
186.283 152.449
189.359 152.427
192.424 152.625
195.451 153.04
198.41 153.669
201.275 154.506
204.021 155.542
206.621 156.77
209.053 158.176
211.295 159.75
213.325 161.476
215.125 163.339
216.679 165.321
217.973 167.405
218.995 169.571
219.736 171.801
220.188 174.073
220.348 176.367
220.215 178.661
219.789 180.936
219.074 183.17
218.077 185.343
216.807 187.435
215.276 189.428
213.498 191.302
211.488 193.041
209.265 194.629
206.849 196.051
204.263 197.296
201.529 198.35
198.673 199.205
195.722 199.853
192.7 200.287
189.638 200.505
186.561 200.503
183.498 200.283
180.478 199.846
177.527 199.195
174.673 198.338
171.941 197.281
169.357 196.034
166.943 194.61
164.723 193.02
162.716 191.279
160.94 189.403
159.412 187.409
158.146 185.316
157.153 183.142
156.442 180.907
156.019 178.632
155.889 176.337
156.053 174.044
156.509 171.772
157.254 169.543
158.279 167.378
159.576 165.295
161.134 163.314
162.937 161.453
164.97 159.729
167.214 158.157
169.648 156.753
172.251 155.528
174.998 154.494
177.865 153.66
180.825 153.034
183.852 152.621
186.918 152.426
189.994 152.45
193.054 152.693
196.068 153.153
199.01 153.825
201.853 154.704
204.571 155.78
207.138 157.046
209.533 158.488
211.732 160.095
213.716 161.85
215.467 163.739
216.968 165.744
218.207 167.846
219.172 170.027
219.853 172.267
220.245 174.546
220.345 176.841
220.151 179.134
219.665 181.402
218.891 183.625
217.837 185.783
216.512 187.856
214.929 189.825
213.101 191.673
211.045 193.382
208.781 194.937
206.328 196.324
203.709 197.529
200.948 198.543
198.071 199.356
195.102 199.96
192.07 200.35
189.002 200.523
185.926 200.476
182.87 200.21
179.862 199.729
176.929 199.035
174.098 198.135
171.394 197.039
168.843 195.754
166.468 194.294
164.29 192.672
162.33 190.902
160.604 189
159.129 186.984
157.918 184.873
156.982 182.685
156.331 180.44
155.968 178.159
155.899 175.863
156.124 173.572
156.64 171.307
157.443 169.09
158.525 166.94
159.877 164.877
161.487 162.919
163.339 161.085
165.417 159.391
167.702 157.853
170.173 156.485
172.807 155.298
175.581 154.305
178.47 153.513
181.446 152.931
184.483 152.563
187.553 152.413
190.629 152.483
193.681 152.771
196.683 153.275
199.607 153.99
202.426 154.91
205.114 156.027
207.648 157.33
210.004 158.807
212.16 160.446
214.097 162.23
215.798 164.144
217.246 166.171
218.429 168.291
219.336 170.486
219.958 172.735
220.29 175.019
220.329 177.316
220.074 179.605
219.528 181.865
218.696 184.077
217.585 186.219
216.206 188.272
214.57 190.217
212.694 192.038
210.594 193.716
208.289 195.238
205.8 196.588
203.15 197.755
200.363 198.728
197.464 199.498
194.48 200.058
191.438 200.404
188.366 200.531
185.292 200.439
182.244 200.128
179.249 199.602
176.335 198.866
173.528 197.925
170.854 196.788
168.338 195.467
166.001 193.972
163.867 192.318
161.953 190.519
160.278 188.593
158.857 186.555
157.702 184.426
156.824 182.225
156.232 179.971
155.93 177.685
155.922 175.388
156.207 173.101
156.782 170.845
157.644 168.64
158.783 166.506
160.189 164.463
161.85 162.53
163.75 160.723
165.873 159.06
168.198 157.556
170.705 156.224
173.37 155.077
176.17 154.124
179.078 153.376
182.069 152.837
185.116 152.514
188.189 152.41
191.262 152.524
194.306 152.857
197.294 153.405
200.198 154.163
202.993 155.125
205.651 156.281
208.15 157.621
210.466 159.133
212.579 160.803
214.469 162.615
216.118 164.554
217.513 166.602
218.639 168.739
219.488 170.947
220.05 173.205
220.322 175.493
220.3 177.79
219.985 180.075
219.379 182.327
218.489 184.525
217.322 186.651
215.888 188.683
214.202 190.604
212.278 192.397
210.134 194.044
207.789 195.531
205.265 196.844
202.584 197.972
199.772 198.904
196.854 199.631
193.856 200.147
190.805 200.448
187.731 200.53
184.659 200.393
181.62 200.037
178.639 199.467
175.745 198.688
172.964 197.706
170.321 196.53
167.84 195.172
165.543 193.643
163.453 191.958
161.587 190.131
159.963 188.18
158.596 186.123
157.498 183.977
156.678 181.763
156.146 179.501
155.904 177.211
155.956 174.914
156.302 172.632
156.937 170.384
157.857 168.193
159.052 166.076
160.512 164.054
162.224 162.146
164.171 160.367
166.337 158.736
168.702 157.266
171.243 155.972
173.938 154.864
176.762 153.953
179.69 153.247
182.695 152.753
185.749 152.475
188.825 152.415
191.894 152.575
194.929 152.953
197.902 153.545
200.785 154.346
203.554 155.348
206.181 156.543
208.644 157.92
210.92 159.465
212.988 161.166
214.83 163.006
216.428 164.969
217.768 167.036
218.838 169.19
219.628 171.41
220.131 173.676
220.342 175.968
220.259 178.264
219.884 180.543
219.219 182.786
218.27 184.971
217.047 187.079
215.56 189.09
213.824 190.986
211.852 192.749
209.665 194.365
207.281 195.817
204.723 197.093
202.013 198.181
199.177 199.071
196.24 199.755
193.229 200.227
190.171 200.483
187.095 200.519
184.028 200.337
180.998 199.937
178.033 199.323
175.16 198.501
172.406 197.478
169.794 196.264
167.349 194.869
165.094 193.307
163.048 191.591
161.231 189.738
159.659 187.763
158.347 185.686
157.305 183.525
156.545 181.299
156.072 179.029
155.891 176.736
156.004 174.441
156.409 172.164
157.104 169.926
158.081 167.748
159.332 165.65
160.845 163.65
162.607 161.767
164.601 160.018
166.81 158.419
169.213 156.984
171.788 155.727
174.512 154.659
177.36 153.79
180.306 153.127
183.323 152.677
186.384 152.444
189.46 152.43
192.525 152.635
195.549 153.058
198.506 153.693
201.368 154.537
204.109 155.58
206.704 156.813
209.13 158.226
211.365 159.804
213.388 161.535
215.18 163.402
216.726 165.388
218.011 167.475
219.024 169.644
219.755 171.875
220.198 174.148
220.349 176.442
220.205 178.737
219.77 181.01
219.046 183.243
218.04 185.413
216.761 187.503
215.222 189.491
213.435 191.361
211.418 193.096
209.188 194.678
206.766 196.095
204.175 197.333
201.437 198.381
198.578 199.229
195.623 199.87
192.6 200.298
189.536 200.508
186.46 200.5
183.398 200.272
180.38 199.828
177.431 199.17
174.581 198.306
171.854 197.243
169.274 195.99
166.867 194.56
164.654 192.965
162.654 191.219
160.886 189.339
159.366 187.342
158.109 185.246
157.125 183.069
156.423 180.833
156.01 178.557
155.89 176.262
156.064 173.968
156.529 171.698
157.283 169.471
158.317 167.308
159.624 165.228
161.189 163.251
163.001 161.394
